354	354	7
345	345	9
1507	1507	2
172	172	4
1051	1051	7
1081	1081	5
584	584	5
1671	1671	5
405	405	1
548	548	1
1103	1103	7
235	235	7
696	696	7
184	184	5
1894	1894	3
408	408	5
1492	1492	7
732	732	1
553	553	1
805	805	4
302	302	6
331	331	7
720	720	7
1418	1418	5
793	793	7
1389	1389	1
829	829	3
753	753	3
295	295	1
449	449	9
684	684	9
22	22	1
466	466	9
304	304	1
712	712	1
624	624	2
595	595	1
1399	1399	6
381	381	1
1194	1194	7
1290	1290	1
24	24	6
904	904	5
905	905	5
332	332	7
721	721	7
379	379	3
395	395	1
1976	1976	4
1372	1372	1
2008	2008	10
671	671	9
746	746	3
1128	1128	5
209	209	7
182	182	7
394	394	5
91	91	7
294	294	9
709	709	9
137	137	1
465	465	9
641	641	5
592	592	5
142	142	1
190	190	7
462	462	2
2182	2182	6
1688	1688	5
1121	1121	5
763	763	1
2192	2192	6
1565	1565	1
521	521	10
1424	1424	4
178	178	5
80	80	1
629	629	9
664	664	9
383	383	10
2006	2006	10
854	854	1
2009	2009	10
1374	1374	10
507	507	9
336	336	10
398	398	5
269	269	5
1022	1022	5
414	414	5
100	100	9
84	84	6
280	280	5
705	705	5
28	28	10
312	312	9
1027	1027	10
320	320	9
289	289	9
1266	1266	5
625	625	10
1361	1361	4
1401	1401	10
377	377	1
170	170	3
1122	1122	1
1975	1975	4
1393	1393	9
807	807	1
913	913	7
580	580	4
608	608	9
129	129	5
270	270	2
1334	1334	5
745	745	7
743	743	10
1527	1527	5
694	694	5
726	726	10
1133	1133	7
1114	1114	2
2165	2165	4
916	916	3
109	109	7
1454	1454	2
348	348	5
1678	1678	7
825	825	6
494	494	5
366	366	5
1112	1112	5
941	941	5
50	50	2
1013	1013	5
205	205	5
675	675	5
57	57	5
14	14	5
619	619	1
778	778	1
615	615	1
1594	1594	5
953	953	2
25	25	3
1446	1446	9
1392	1392	7
370	370	2
313	313	2
717	717	2
965	965	7
1178	1178	10
1452	1452	2
604	604	3
603	603	1
306	306	1
713	713	1
283	283	2
1445	1445	7
926	926	10
880	880	7
2147	2147	3
1341	1341	1
245	245	6
875	875	3
1615	1615	6
421	421	9
396	396	9
776	776	7
2047	2047	10
2018	2018	10
2017	2017	10
2048	2048	10
2019	2019	10
2041	2041	10
187	187	1
2020	2020	10
827	827	9
188	188	1
1183	1183	1
597	597	3
2007	2007	10
1169	1169	1
2022	2022	10
1388	1388	7
368	368	7
1942	1942	4
1229	1229	1
54	54	8
564	564	2
788	788	7
224	224	7
733	733	2
889	889	4
1651	1651	2
139	139	7
211	211	5
31	31	5
203	203	2
1046	1046	7
216	216	1
656	656	1
1044	1044	7
1649	1649	2
199	199	10
1016	1016	10
519	519	10
769	769	1
1840	1840	3
727	727	10
1320	1320	6
310	310	2
1226	1226	8
97	97	4
1082	1082	2
843	843	7
1426	1426	1
1311	1311	7
1322	1322	6
1665	1665	7
23	23	3
60	60	3
1168	1168	1
1323	1323	2
1640	1640	9
385	385	9
359	359	5
2187	2187	6
356	356	5
1449	1449	1
1009	1009	3
401	401	7
1060	1060	3
501	501	1
985	985	2
169	169	2
1893	1893	3
1142	1142	7
1342	1342	9
1548	1548	9
1542	1542	9
424	424	9
1144	1144	1
633	633	7
140	140	1
859	859	2
71	71	7
1033	1033	2
775	775	9
1072	1072	5
952	952	9
2194	2194	6
1315	1315	7
1348	1348	1
1313	1313	2
917	917	7
1434	1434	1
1435	1435	1
92	92	7
1056	1056	9
1254	1254	8
481	481	2
711	711	2
56	56	2
1212	1212	2
999	999	2
1307	1307	1
1509	1509	2
96	96	7
291	291	1
707	707	1
541	541	1
922	922	2
337	337	1
198	198	10
1354	1354	1
1085	1085	3
1119	1119	4
882	882	1
1518	1518	7
895	895	7
1170	1170	7
844	844	7
335	335	1
722	722	1
1107	1107	9
1231	1231	1
79	79	1
1603	1603	4
1557	1557	7
1095	1095	7
1314	1314	7
1608	1608	7
1074	1074	7
1036	1036	7
487	487	7
1386	1386	1
950	950	3
589	589	7
1383	1383	4
208	208	3
1605	1605	7
1136	1136	7
1069	1069	3
806	806	7
228	228	2
693	693	2
932	932	7
75	75	7
1325	1325	7
801	801	5
930	930	2
921	921	2
55	55	2
1211	1211	2
976	976	7
131	131	2
2167	2167	4
617	617	1
634	634	1
613	613	1
300	300	2
149	149	3
1012	1012	1
248	248	1
729	729	5
856	856	1
534	534	1
218	218	8
688	688	8
219	219	8
689	689	8
687	687	8
334	334	8
1054	1054	7
1053	1053	7
600	600	7
1160	1160	7
393	393	7
459	459	5
655	655	1
1578	1578	7
1045	1045	5
214	214	5
583	583	5
862	862	1
871	871	1
2190	2190	6
483	483	10
658	658	10
1362	1362	9
1656	1656	7
19	19	9
666	666	10
639	639	3
1815	1815	3
978	978	7
400	400	7
166	166	3
1378	1378	7
2185	2185	6
177	177	7
1176	1176	10
103	103	4
1166	1166	7
1172	1172	5
2039	2039	10
298	298	10
1271	1271	2
236	236	2
697	697	2
1549	1549	2
2033	2033	10
1349	1349	1
840	840	7
1600	1600	7
891	891	1
2046	2046	10
442	442	1
660	660	10
1344	1344	7
454	454	5
663	663	5
124	124	5
602	602	5
673	673	3
620	620	1
1680	1680	7
918	918	3
1460	1460	1
670	670	9
321	321	3
2138	2138	6
1135	1135	3
202	202	5
718	718	5
966	966	5
307	307	5
567	567	3
510	510	7
846	846	1
955	955	7
974	974	7
628	628	3
906	906	4
954	954	4
679	679	3
1157	1157	7
40	40	10
1333	1333	1
499	499	1
1026	1026	1
121	121	5
404	404	5
546	546	5
1637	1637	5
480	480	7
901	901	7
1076	1076	6
958	958	3
349	349	1
972	972	5
1139	1139	4
1444	1444	3
1328	1328	3
812	812	1
1232	1232	1
691	691	8
1622	1622	2
816	816	1
912	912	7
967	967	2
430	430	2
586	586	3
523	523	3
874	874	1
1561	1561	3
781	781	1
30	30	1
344	344	7
1132	1132	3
540	540	9
1533	1533	6
272	272	4
919	919	7
2011	2011	10
735	735	7
841	841	1
1164	1164	7
1510	1510	2
1652	1652	4
1543	1543	2
1319	1319	6
1324	1324	7
1574	1574	7
1038	1038	7
1350	1350	3
1676	1676	7
1287	1287	1
1040	1040	9
1191	1191	10
956	956	7
1513	1513	3
127	127	4
85	85	4
423	423	5
1391	1391	2
897	897	1
1065	1065	7
1111	1111	7
980	980	1
940	940	1
440	440	1
975	975	3
951	951	7
482	482	7
2193	2193	6
515	515	1
458	458	5
2176	2176	6
1251	1251	7
1368	1368	7
2186	2186	6
1279	1279	2
1491	1491	1
89	89	7
301	301	9
654	654	7
42	42	1
1855	1855	3
2178	2178	6
1586	1586	1
1447	1447	2
1387	1387	1
1098	1098	1
815	815	5
1440	1440	9
1380	1380	5
1134	1134	9
866	866	1
1442	1442	10
1702	1702	8
176	176	4
17	17	8
1668	1668	5
559	559	7
734	734	7
1576	1576	7
939	939	7
910	910	1
1014	1014	10
1181	1181	4
1088	1088	4
106	106	1
1089	1089	4
284	284	2
1274	1274	2
1073	1073	6
1441	1441	6
1115	1115	6
258	258	6
990	990	6
1236	1236	2
1235	1235	2
1238	1238	2
1105	1105	2
1511	1511	7
964	964	7
292	292	3
708	708	3
374	374	9
10	10	1
1416	1416	7
293	293	2
1437	1437	9
588	588	4
992	992	6
780	780	7
1265	1265	4
642	642	9
563	563	9
516	516	9
104	104	7
1853	1853	3
1941	1941	4
266	266	7
599	599	7
1670	1670	4
749	749	7
2120	2120	4
143	143	2
68	68	5
1390	1390	2
496	496	3
1025	1025	3
1042	1042	7
767	767	7
770	770	7
1420	1420	10
518	518	1
1137	1137	7
1100	1100	7
924	924	3
156	156	2
1052	1052	5
601	601	2
259	259	2
1303	1303	1
1550	1550	2
1010	1010	7
1667	1667	1
931	931	7
305	305	8
833	833	7
1031	1031	7
1189	1189	5
1177	1177	10
2004	2004	10
830	830	5
478	478	1
1357	1357	1
138	138	5
706	706	1
463	463	2
341	341	2
607	607	5
506	506	7
343	343	2
555	555	1
330	330	2
719	719	7
1534	1534	2
530	530	2
2110	2110	3
879	879	1
189	189	1
610	610	4
1312	1312	2
995	995	6
1219	1219	6
1697	1697	6
962	962	6
158	158	9
936	936	5
851	851	9
576	576	7
1700	1700	3
1363	1363	4
552	552	3
191	191	9
857	857	1
196	196	9
1358	1358	9
159	159	8
1264	1264	7
452	452	3
7	7	4
213	213	5
686	686	5
1611	1611	7
1162	1162	7
832	832	5
1206	1206	4
582	582	1
389	389	1
412	412	6
392	392	6
419	419	7
533	533	7
1286	1286	4
750	750	1
759	759	1
1499	1499	3
665	665	2
783	783	6
420	420	7
1360	1360	5
403	403	9
1255	1255	2
36	36	9
488	488	7
2169	2169	4
1814	1814	3
784	784	2
984	984	7
1654	1654	2
342	342	2
2036	2036	10
1225	1225	8
1220	1220	8
1244	1244	8
1224	1224	8
1223	1223	8
1222	1222	8
53	53	8
1253	1253	8
651	651	5
1522	1522	4
1345	1345	4
606	606	3
2116	2116	4
1332	1332	4
2191	2191	6
591	591	7
973	973	5
1443	1443	7
2146	2146	3
2155	2155	3
1204	1204	7
355	355	5
278	278	3
1417	1417	7
1496	1496	2
1497	1497	2
1367	1367	1
485	485	2
1078	1078	7
353	353	5
197	197	3
714	714	3
1524	1524	5
554	554	9
803	803	6
475	475	1
949	949	7
824	824	4
511	511	7
738	738	2
817	817	9
1439	1439	9
418	418	1
779	779	3
888	888	1
504	504	5
1147	1147	7
151	151	4
2035	2035	10
110	110	7
1408	1408	2
1409	1409	2
539	539	9
808	808	7
794	794	7
223	223	7
41	41	9
437	437	3
325	325	9
1300	1300	7
461	461	9
751	751	4
1021	1021	4
324	324	9
322	322	9
323	323	9
1588	1588	9
896	896	9
399	399	2
194	194	5
1200	1200	10
254	254	9
1108	1108	7
1173	1173	7
1660	1660	7
130	130	7
885	885	7
813	813	10
570	570	1
1258	1258	9
1508	1508	2
346	346	9
797	797	1
329	329	9
2164	2164	4
1525	1525	2
1429	1429	10
1326	1326	9
1336	1336	1
969	969	7
836	836	7
766	766	7
498	498	1
386	386	1
1230	1230	3
635	635	1
115	115	7
1433	1433	1
369	369	7
640	640	3
903	903	8
920	920	7
1011	1011	10
450	450	2
1101	1101	7
2045	2045	10
765	765	2
2043	2043	10
2042	2042	10
2156	2156	3
1185	1185	7
1571	1571	7
16	16	8
579	579	8
933	933	1
1019	1019	10
1658	1658	7
65	65	1
667	667	5
1419	1419	5
1	1	7
299	299	1
725	725	2
1213	1213	2
1195	1195	2
1450	1450	7
645	645	5
835	835	5
514	514	1
2183	2183	6
257	257	6
413	413	6
1619	1619	6
1552	1552	6
1614	1614	6
1621	1621	6
1664	1664	7
365	365	5
86	86	5
364	364	5
441	441	1
887	887	7
120	120	5
1007	1007	2
509	509	2
1570	1570	3
273	273	5
1432	1432	1
1329	1329	5
155	155	7
333	333	7
946	946	3
1117	1117	7
1174	1174	2
1423	1423	7
1666	1666	7
453	453	5
894	894	5
1494	1494	5
165	165	9
1343	1343	5
290	290	5
118	118	5
387	387	5
37	37	5
1270	1270	3
1575	1575	7
798	798	5
253	253	5
1558	1558	5
486	486	5
476	476	1
1302	1302	3
970	970	2
1841	1841	3
382	382	5
653	653	1
557	557	8
1669	1669	8
67	67	1
943	943	1
1541	1541	1
1006	1006	1
752	752	1
865	865	1
1495	1495	5
730	730	1
303	303	1
869	869	5
433	433	1
431	431	1
1629	1629	5
402	402	5
367	367	5
1620	1620	6
347	347	9
1655	1655	7
230	230	10
1156	1156	3
2137	2137	6
522	522	4
1140	1140	1
1365	1365	1
226	226	2
95	95	1
13	13	2
1382	1382	2
1187	1187	1
838	838	1
237	237	7
1530	1530	1
572	572	1
446	446	2
277	277	10
860	860	1
147	147	7
900	900	4
227	227	2
1463	1463	4
758	758	5
1359	1359	4
761	761	7
1096	1096	7
1369	1369	3
220	220	4
690	690	4
1124	1124	7
845	845	1
1125	1125	2
1145	1145	7
760	760	7
1556	1556	7
102	102	3
2012	2012	10
2005	2005	10
858	858	1
989	989	9
847	847	4
811	811	7
1502	1502	4
256	256	8
702	702	8
659	659	8
1131	1131	8
186	186	8
417	417	8
1151	1151	8
1585	1585	1
968	968	3
125	125	7
397	397	3
193	193	3
1631	1631	7
1272	1272	3
1086	1086	10
460	460	9
1184	1184	7
2	2	2
883	883	1
1203	1203	1
877	877	1
1404	1404	1
72	72	4
99	99	5
163	163	1
443	443	1
1283	1283	1
1690	1690	4
262	262	2
1523	1523	1
3	3	2
1285	1285	1
1061	1061	2
1284	1284	1
225	225	10
1679	1679	7
502	502	7
1209	1209	10
339	339	9
723	723	9
1431	1431	10
448	448	2
285	285	2
141	141	1
239	239	2
699	699	2
1321	1321	6
682	682	2
495	495	7
282	282	2
391	391	7
1294	1294	7
1636	1636	1
1028	1028	7
111	111	1
375	375	8
5	5	8
577	577	8
1288	1288	5
1674	1674	7
192	192	2
153	153	2
472	472	1
415	415	2
1190	1190	1
1123	1123	10
757	757	8
1396	1396	8
520	520	4
456	456	9
62	62	8
822	822	5
126	126	1
1484	1484	2
1075	1075	1
8	8	5
902	902	7
2177	2177	6
105	105	7
1653	1653	4
457	457	2
1243	1243	5
1395	1395	5
945	945	5
1267	1267	5
914	914	8
63	63	7
796	796	7
802	802	9
2040	2040	10
74	74	5
358	358	5
795	795	7
1604	1604	7
363	363	5
1587	1587	5
556	556	1
1475	1475	2
1476	1476	7
1263	1263	10
648	648	10
997	997	10
1483	1483	2
451	451	2
991	991	6
1237	1237	2
508	508	2
748	748	3
1540	1540	7
267	267	1
251	251	1
249	249	1
175	175	1
357	357	5
963	963	7
1058	1058	3
853	853	7
777	777	1
2134	2134	3
2130	2130	3
1218	1218	6
2109	2109	3
154	154	3
1356	1356	3
1566	1566	3
929	929	2
800	800	2
1501	1501	1
1306	1306	1
1493	1493	1
2115	2115	3
1489	1489	2
1490	1490	3
1428	1428	1
971	971	5
886	886	7
1120	1120	1
477	477	1
271	271	3
1385	1385	1
47	47	1
662	662	7
626	626	1
232	232	4
503	503	5
1077	1077	6
909	909	1
961	961	7
1335	1335	4
2119	2119	4
1661	1661	1
772	772	1
1327	1327	9
1138	1138	4
77	77	2
286	286	3
1373	1373	10
1005	1005	9
820	820	10
436	436	1
680	680	9
755	755	9
422	422	9
117	117	9
12	12	9
315	315	9
560	560	9
809	809	2
526	526	7
928	928	3
1297	1297	3
731	731	7
566	566	7
1043	1043	7
643	643	1
890	890	7
1943	1943	4
1371	1371	2
128	128	5
850	850	1
11	11	9
1024	1024	7
1239	1239	2
1422	1422	7
1020	1020	10
1459	1459	10
215	215	7
1317	1317	7
864	864	1
1599	1599	1
181	181	1
923	923	7
1217	1217	2
6	6	6
1198	1198	10
804	804	6
45	45	1
1154	1154	10
15	15	1
1394	1394	1
1216	1216	5
618	618	5
1155	1155	4
2132	2132	3
585	585	5
426	426	4
637	637	3
484	484	2
937	937	2
1851	1851	3
986	986	6
598	598	2
88	88	10
242	242	4
146	146	7
537	537	2
200	200	2
1280	1280	2
1289	1289	1
839	839	9
636	636	9
911	911	10
66	66	6
1202	1202	9
1686	1686	5
1240	1240	7
828	828	3
1201	1201	5
652	652	1
756	756	1
362	362	3
1411	1411	7
376	376	1
1663	1663	1
427	427	2
471	471	3
1057	1057	1
531	531	4
82	82	3
551	551	1
631	631	4
611	611	1
1718	1718	8
1453	1453	2
771	771	1
455	455	2
646	646	9
678	678	4
1296	1296	10
988	988	6
2023	2023	10
1273	1273	2
575	575	7
123	123	1
1630	1630	9
1199	1199	4
276	276	3
1256	1256	5
524	524	1
638	638	5
134	134	1
1192	1192	1
1353	1353	9
981	981	1
1337	1337	4
1143	1143	7
61	61	9
1062	1062	2
1413	1413	2
996	996	3
1330	1330	4
1331	1331	4
1610	1610	7
2168	2168	4
532	532	2
525	525	9
1247	1247	2
959	959	7
1276	1276	2
447	447	4
180	180	7
1305	1305	6
612	612	1
565	565	1
49	49	9
206	206	9
676	676	9
48	48	9
544	544	1
1699	1699	1
569	569	9
1602	1602	9
473	473	9
64	64	9
826	826	9
1438	1438	9
848	848	9
627	627	9
81	81	9
1023	1023	6
792	792	9
1063	1063	9
823	823	9
542	542	9
51	51	1
4	4	3
29	29	9
1500	1500	6
681	681	9
135	135	1
229	229	9
1539	1539	4
1425	1425	1
1039	1039	5
122	122	5
1531	1531	5
279	279	5
1593	1593	5
1282	1282	1
275	275	1
1034	1034	1
373	373	1
265	265	1
744	744	7
741	741	7
174	174	7
1295	1295	1
855	855	9
26	26	3
246	246	7
863	863	2
1196	1196	10
250	250	1
309	309	4
1628	1628	5
1698	1698	6
993	993	6
938	938	6
1308	1308	6
1180	1180	1
1293	1293	7
263	263	2
1197	1197	4
878	878	1
1275	1275	1
535	535	2
1158	1158	8
594	594	7
1094	1094	7
1067	1067	3
957	957	5
1090	1090	5
171	171	3
260	260	7
703	703	7
1242	1242	8
78	78	8
1129	1129	6
1260	1260	8
907	907	6
837	837	8
1269	1269	8
317	317	8
1245	1245	8
1246	1246	8
145	145	8
1257	1257	8
195	195	8
590	590	8
1041	1041	8
416	416	8
244	244	8
700	700	8
536	536	8
185	185	8
409	409	8
33	33	8
316	316	8
649	649	8
1519	1519	8
491	491	8
173	173	8
622	622	8
319	319	8
1259	1259	8
1451	1451	8
318	318	8
479	479	8
1601	1601	8
650	650	8
578	578	8
243	243	8
1406	1406	6
492	492	8
842	842	8
1701	1701	8
1397	1397	8
1310	1310	8
469	469	8
468	468	8
1747	1747	8
669	669	8
1141	1141	8
107	107	8
1261	1261	8
1436	1436	8
1228	1228	8
1146	1146	7
32	32	8
982	982	8
1002	1002	4
1037	1037	7
35	35	1
1292	1292	4
268	268	7
1097	1097	2
1059	1059	3
46	46	7
252	252	10
701	701	10
311	311	2
34	34	2
428	428	2
677	677	2
1381	1381	3
568	568	4
934	934	1
1595	1595	4
1340	1340	10
1205	1205	1
1398	1398	3
1048	1048	7
1895	1895	3
1047	1047	1
870	870	1
1405	1405	6
872	872	1
2131	2131	6
1087	1087	7
20	20	7
497	497	7
21	21	7
434	434	5
1613	1613	2
255	255	3
1277	1277	2
1055	1055	7
647	647	3
1461	1461	2
76	76	10
1221	1221	8
737	737	7
1430	1430	10
1503	1503	4
529	529	9
179	179	3
1268	1268	4
114	114	1
136	136	4
27	27	9
1167	1167	4
2117	2117	4
444	444	4
2118	2118	4
1673	1673	1
327	327	9
644	644	1
581	581	1
425	425	10
1384	1384	1
1677	1677	4
623	623	3
94	94	4
1193	1193	1
87	87	4
328	328	10
935	935	10
898	898	7
2136	2136	3
867	867	1
390	390	9
791	791	7
799	799	7
899	899	7
558	558	7
1616	1616	6
528	528	3
388	388	6
768	768	6
987	987	2
1035	1035	7
168	168	7
505	505	9
1351	1351	3
715	715	3
1017	1017	10
2184	2184	6
112	112	4
789	789	9
411	411	6
445	445	1
925	925	2
1301	1301	5
1207	1207	2
1171	1171	2
1165	1165	10
1182	1182	2
1400	1400	5
1689	1689	5
742	742	1
264	264	1
571	571	1
1188	1188	1
2163	2163	4
1607	1607	4
1606	1606	4
2044	2044	10
785	785	4
1632	1632	4
593	593	1
1018	1018	10
183	183	1
960	960	1
605	605	9
1687	1687	1
207	207	1
683	683	1
1291	1291	4
1338	1338	9
113	113	4
406	406	10
549	549	10
1175	1175	10
2034	2034	10
1153	1153	2
740	740	2
1214	1214	2
1346	1346	2
160	160	2
947	947	6
787	787	7
1163	1163	7
261	261	1
1227	1227	8
1029	1029	1
1675	1675	5
371	371	8
340	340	2
724	724	2
739	739	4
1370	1370	4
1414	1414	1
1512	1512	7
1650	1650	2
927	927	7
942	942	7
1555	1555	7
247	247	7
810	810	7
157	157	5
1577	1577	2
361	361	2
410	410	2
1662	1662	5
43	43	1
234	234	2
695	695	2
1609	1609	7
1309	1309	2
1659	1659	7
52	52	1
1407	1407	2
944	944	2
119	119	1
1681	1681	2
1102	1102	3
1003	1003	5
2188	2188	6
831	831	1
231	231	4
360	360	5
1110	1110	5
212	212	5
685	685	5
1592	1592	5
512	512	2
1612	1612	1
786	786	5
1379	1379	5
545	545	5
380	380	5
1298	1298	5
1234	1234	5
1532	1532	2
1130	1130	3
821	821	1
1149	1149	5
101	101	9
116	116	8
1316	1316	7
233	233	4
1070	1070	1
661	661	1
1093	1093	9
873	873	2
754	754	1
1049	1049	7
1092	1092	7
1410	1410	7
1079	1079	7
1579	1579	7
892	892	1
1412	1412	7
1529	1529	7
1161	1161	7
1421	1421	10
1352	1352	3
1517	1517	7
39	39	10
868	868	1
538	538	3
59	59	3
1126	1126	4
1068	1068	7
274	274	2
432	432	1
467	467	3
352	352	5
1233	1233	5
1547	1547	1
609	609	4
1850	1850	3
1104	1104	2
1623	1623	2
1854	1854	3
884	884	1
1148	1148	1
1347	1347	2
470	470	3
908	908	1
630	630	7
222	222	2
692	692	2
736	736	2
2010	2010	10
998	998	10
1179	1179	10
614	614	1
1015	1015	7
773	773	1
1627	1627	1
1402	1402	5
1366	1366	2
994	994	6
632	632	1
1318	1318	6
83	83	7
1427	1427	1
1159	1159	1
1050	1050	6
1526	1526	2
1106	1106	1
704	704	2
517	517	9
378	378	1
70	70	2
561	561	9
1339	1339	9
240	240	7
221	221	4
439	439	2
893	893	10
2037	2037	10
493	493	1
1064	1064	7
133	133	7
1355	1355	1
1208	1208	9
2166	2166	4
774	774	4
979	979	1
2189	2189	6
621	621	7
44	44	7
587	587	4
162	162	4
1127	1127	7
210	210	7
818	818	4
876	876	7
500	500	7
861	861	7
977	977	1
657	657	4
204	204	3
674	674	3
287	287	3
464	464	9
849	849	9
161	161	9
38	38	9
1624	1624	7
834	834	7
241	241	7
1278	1278	2
474	474	5
1672	1672	5
574	574	5
407	407	5
550	550	5
2181	2181	6
764	764	5
1008	1008	9
881	881	1
1281	1281	8
2003	2003	10
201	201	5
672	672	5
73	73	5
1551	1551	2
1364	1364	1
1448	1448	1
438	438	2
489	489	5
543	543	6
58	58	5
1215	1215	5
372	372	5
108	108	9
1032	1032	5
1618	1618	6
948	948	9
2180	2180	6
1617	1617	6
90	90	1
1118	1118	1
18	18	10
2014	2014	10
2013	2013	10
314	314	2
1186	1186	1
144	144	8
513	513	1
547	547	1
326	326	9
1030	1030	6
983	983	6
9	9	6
596	596	6
296	296	5
710	710	5
2179	2179	6
814	814	1
1113	1113	2
1498	1498	7
132	132	1
1109	1109	5
1657	1657	4
297	297	6
350	350	6
217	217	8
1004	1004	10
790	790	7
562	562	9
152	152	1
852	852	5
782	782	5
2038	2038	10
2015	2015	10
2021	2021	10
1000	1000	5
490	490	5
1116	1116	5
238	238	7
747	747	5
167	167	5
728	728	5
281	281	2
435	435	3
698	698	5
1152	1152	4
150	150	6
668	668	8
1299	1299	1
384	384	1
573	573	4
527	527	3
429	429	3
762	762	3
308	308	7
716	716	7
1241	1241	2
1066	1066	1
288	288	9
1462	1462	6
616	616	1
1415	1415	7
819	819	1
1001	1001	10
93	93	1
1210	1210	1
915	915	2
148	148	7
1831	1831	3
69	69	7
98	98	6
1377	1377	7
338	338	1
164	164	4
1262	1262	5
1403	1403	5
351	351	10